19
Coad_1    0.000000 58.000000 60.000000 44.000000 66.000000 98.000000 96.000000 93.000000 97.000000 86.000000 126.000000 108.000000 122.000000 102.000000 105.000000 114.000000 75.000000 72.000000 44.000000
Coad_2    58.000000 0.000000 28.000000 60.000000 68.000000 100.000000 98.000000 95.000000 99.000000 88.000000 128.000000 110.000000 124.000000 104.000000 107.000000 116.000000 77.000000 74.000000 60.000000
Coad_3    60.000000 28.000000 0.000000 62.000000 70.000000 102.000000 100.000000 97.000000 101.000000 90.000000 130.000000 112.000000 126.000000 106.000000 109.000000 118.000000 79.000000 76.000000 62.000000
Coad_4    44.000000 60.000000 62.000000 0.000000 68.000000 100.000000 98.000000 95.000000 99.000000 88.000000 128.000000 110.000000 124.000000 104.000000 107.000000 116.000000 77.000000 74.000000 34.000000
Coad_5    66.000000 68.000000 70.000000 68.000000 0.000000 86.000000 84.000000 81.000000 85.000000 74.000000 114.000000 96.000000 110.000000 90.000000 93.000000 102.000000 35.000000 32.000000 68.000000
OveryLM_1 98.000000 100.000000 102.000000 100.000000 86.000000 0.000000 44.000000 41.000000 45.000000 30.000000 56.000000 38.000000 52.000000 32.000000 35.000000 44.000000 95.000000 92.000000 100.000000
OveryLM_2 96.000000 98.000000 100.000000 98.000000 84.000000 44.000000 0.000000 23.000000 11.000000 32.000000 72.000000 54.000000 68.000000 48.000000 51.000000 60.000000 93.000000 90.000000 98.000000
OveryLM_3 93.000000 95.000000 97.000000 95.000000 81.000000 41.000000 23.000000 0.000000 24.000000 29.000000 69.000000 51.000000 65.000000 45.000000 48.000000 57.000000 90.000000 87.000000 95.000000
OveryLM_4 97.000000 99.000000 101.000000 99.000000 85.000000 45.000000 11.000000 24.000000 0.000000 33.000000 73.000000 55.000000 69.000000 49.000000 52.000000 61.000000 94.000000 91.000000 99.000000
OveryLM_5 86.000000 88.000000 90.000000 88.000000 74.000000 30.000000 32.000000 29.000000 33.000000 0.000000 58.000000 40.000000 54.000000 34.000000 37.000000 46.000000 83.000000 80.000000 88.000000
OveryRM_1 126.000000 128.000000 130.000000 128.000000 114.000000 56.000000 72.000000 69.000000 73.000000 58.000000 0.000000 36.000000 24.000000 42.000000 55.000000 34.000000 123.000000 120.000000 128.000000
OveryRM_2 108.000000 110.000000 112.000000 110.000000 96.000000 38.000000 54.000000 51.000000 55.000000 40.000000 36.000000 0.000000 32.000000 24.000000 37.000000 24.000000 105.000000 102.000000 110.000000
OveryRM_3 122.000000 124.000000 126.000000 124.000000 110.000000 52.000000 68.000000 65.000000 69.000000 54.000000 24.000000 32.000000 0.000000 38.000000 51.000000 30.000000 119.000000 116.000000 124.000000
OveryRM_4 102.000000 104.000000 106.000000 104.000000 90.000000 32.000000 48.000000 45.000000 49.000000 34.000000 42.000000 24.000000 38.000000 0.000000 31.000000 30.000000 99.000000 96.000000 104.000000
OveryRM_5 105.000000 107.000000 109.000000 107.000000 93.000000 35.000000 51.000000 48.000000 52.000000 37.000000 55.000000 37.000000 51.000000 31.000000 0.000000 43.000000 102.000000 99.000000 107.000000
OveryRM_6 114.000000 116.000000 118.000000 116.000000 102.000000 44.000000 60.000000 57.000000 61.000000 46.000000 34.000000 24.000000 30.000000 30.000000 43.000000 0.000000 111.000000 108.000000 116.000000
UterusM_1 75.000000 77.000000 79.000000 77.000000 35.000000 95.000000 93.000000 90.000000 94.000000 83.000000 123.000000 105.000000 119.000000 99.000000 102.000000 111.000000 0.000000 25.000000 77.000000
UterusM_3 72.000000 74.000000 76.000000 74.000000 32.000000 92.000000 90.000000 87.000000 91.000000 80.000000 120.000000 102.000000 116.000000 96.000000 99.000000 108.000000 25.000000 0.000000 74.000000
diploid   44.000000 60.000000 62.000000 34.000000 68.000000 100.000000 98.000000 95.000000 99.000000 88.000000 128.000000 110.000000 124.000000 104.000000 107.000000 116.000000 77.000000 74.000000 0.000000
